    position attribute projections classifiers      nodes         RI
636        1      P635         295  0.84203390 0.84203390 0.81464887
49         2       P48         305  0.82295084 0.82295084 0.79564166
204        3      P203         322  0.61055900 0.61055900 0.57508570
87         4       P86         334  0.42215568 0.42215568 0.38483632
484        5      P483         315  0.37079364 0.37079364 0.33374310
711        6      P710         313  0.35654953 0.35654953 0.32013318
683        7      P682         303  0.25676566 0.25676566 0.22219658
576        8      P575         313  0.24920128 0.24920128 0.21537314
125        9      P124         294  0.20068027 0.20068027 0.17131001
472       10      P471         299  0.18127090 0.18127090 0.14794789
110       11      P109         297  0.11447811 0.11447811 0.08301266
670       12      P669         290  0.09379310 0.09379310 0.07369553
376       13      P375         314  0.09108280 0.09108280 0.07215407
693       14      P692         312  0.08782052 0.08782052 0.07151961
69        15       P68         299  0.09364548 0.09364548 0.06838305
